[{"id":"acromion.rt","coordinates":[-0.006300253793597221,-0.2987159788608551,0.23000682890415192],"uncertainty":{"stddevs":[0.010000000707805157,0.009999999776482582,0.009999999776482582],"pcvectors":[[-0.46797072887420654,0.66806960105896,-0.5785208940505981],[-0.8155239820480347,-0.0742512121796608,0.5739402174949646],[0.3404760956764221,0.7403848767280579,0.5795741677284241]]}},{"id":"acromion.lt","coordinates":[0.17690810561180115,-0.3056538701057434,-0.03159244358539581],"uncertainty":{"stddevs":[0.009999999776482582,0.009999999776482582,0.009999998845160007],"pcvectors":[[0.43891462683677673,-0.7840330600738525,0.4389146566390991],[-0.7071067690849304,2.8396835993760305E-9,0.7071067690849304],[-0.5543950796127319,-0.6207190155982971,-0.5543951392173767]]}},{"id":"crown","coordinates":[0.03892630338668823,-0.5689931511878967,0.06110971048474312],"uncertainty":{"stddevs":[0.010000000707805157,0.009999999776482582,0.009999999776482582],"pcvectors":[[-0.04752621054649353,-0.11638367921113968,0.9920665621757507],[0.724656343460083,-0.687576949596405,-0.045947082340717316],[0.6874696016311646,0.716723620891571,0.11701609939336777]]}},{"id":"femoral-lateral-epi.lt","coordinates":[0.21223421394824982,0.5225762128829956,-0.018616564571857452],"uncertainty":{"stddevs":[0.009999999776482582,0.009999999776482582,0.009999999776482582],"pcvectors":[[-0.21536913514137268,0.3050859868526459,-0.9276522397994995],[-0.08153646439313889,-0.952245831489563,-0.29424434900283813],[-0.973122775554657,0.012266331352293491,0.22995999455451965]]}},{"id":"femoral-lateral-epi.rt","coordinates":[0.02004518359899521,0.5101086497306824,0.21159349381923676],"uncertainty":{"stddevs":[0.010000000707805157,0.009999999776482582,0.009999999776482582],"pcvectors":[[-0.700401782989502,0.1373855024576187,0.7004017233848572],[-0.7071067690849304,-6.216101855471834E-9,-0.7071067690849304],[-0.09714622050523758,-0.9905176758766174,0.09714622795581818]]}},{"id":"femoral-medial-epi.rt","coordinates":[0.10551486164331436,0.5636875033378601,0.12770920991897583],"uncertainty":{"stddevs":[0.010000000707805157,0.009999999776482582,0.009999999776482582],"pcvectors":[[-0.7049607038497925,0.07785133272409439,-0.7049607038497925],[0.05504920333623886,0.9969649910926819,0.05504920706152916],[0.7071067690849304,1.9900920911197773E-9,-0.7071067690849304]]}},{"id":"femoral-medial-epi.lt","coordinates":[0.13201363384723663,0.5694284439086914,0.06872067600488663],"uncertainty":{"stddevs":[0.009999999776482582,0.009999999776482582,0.009999998845160007],"pcvectors":[[-0.3447377681732178,-0.6514285802841187,-0.6758673191070557],[0.9314931631088257,-0.326443076133728,-0.1604849100112915],[-0.11608774960041046,-0.6848909854888916,0.7193385362625122]]}},{"id":"metatarsal-phalangeal.i.lt","coordinates":[0.09058459103107452,0.9858664870262146,-0.06261643767356873],"uncertainty":{"stddevs":[0.009999999776482582,0.009999998845160007,0.009999998845160007],"pcvectors":[[0.0,0.7071067690849304,0.7071067690849304],[0.25456997752189636,-0.6838107109069824,0.6838107109069824],[-0.9670543670654297,-0.1800081580877304,0.1800081431865692]]}},{"id":"metatarsal-phalangeal.i.rt","coordinates":[-0.02298749051988125,0.9922767877578735,0.1282823532819748],"uncertainty":{"stddevs":[0.009999999776482582,0.009999999776482582,0.009999999776482582],"pcvectors":[[-0.016626879572868347,-0.9981787800788879,0.057988714426755905],[0.7095324993133545,0.02908390201628208,0.7040722370147705],[-0.704476535320282,0.05285140499472618,0.7077566981315613]]}},{"id":"metatarsal-phalangeal.v.lt","coordinates":[0.18868212401866913,0.9915369153022766,-0.08507362753152847],"uncertainty":{"stddevs":[0.009999999776482582,0.009999999776482582,0.009999999776482582],"pcvectors":[[0.0207575261592865,0.9990751147270203,-0.037656884640455246],[-0.7070280313491821,0.041299302130937576,0.705978512763977],[0.7068808078765869,0.01197010651230812,0.7072314023971558]]}},{"id":"metatarsal-phalangeal.v.rt","coordinates":[-0.022904444485902786,0.9770714640617371,0.21212321519851685],"uncertainty":{"stddevs":[0.009999999776482582,0.009999999776482582,0.009999999776482582],"pcvectors":[[0.3162277638912201,0.6324555277824402,-0.7071067690849304],[-0.8944271802902222,0.4472135901451111,-6.215269188203365E-9],[-0.3162277638912201,-0.6324555277824402,-0.7071067690849304]]}},{"id":"radial-styloid.rt","coordinates":[-0.1680838018655777,0.11916612088680267,0.35773637890815735],"uncertainty":{"stddevs":[0.009999999776482582,0.009999999776482582,0.009999998845160007],"pcvectors":[[0.007938506081700325,0.0014185212785378098,0.9999674558639526],[0.17075425386428833,0.9853097796440125,-0.0027533061802387238],[-0.9852816462516785,0.1707705557346344,0.00757966935634613]]}},{"id":"radial-styloid.lt","coordinates":[0.3052012026309967,0.0904313400387764,-0.25213155150413513],"uncertainty":{"stddevs":[0.010000000707805157,0.009999999776482582,0.009999999776482582],"pcvectors":[[0.9732490181922913,-0.22975291311740875,0.0],[0.0,0.0,1.0],[0.22975291311740875,0.9732490181922913,0.0]]}},{"id":"supramenton","coordinates":[-0.0007839163299649954,-0.3947935700416565,0.020055020228028297],"uncertainty":{"stddevs":[0.010000000707805157,0.009999999776482582,0.009999999776482582],"pcvectors":[[-0.9012222290039062,0.2147250771522522,-0.3764195144176483],[0.24654880166053772,0.9683899283409119,-0.03787701949477196],[0.356387734413147,-0.12694139778614044,-0.9256747364997864]]}},{"id":"thelion-bustpoint.rt","coordinates":[-0.07443362474441528,-0.14458370208740234,0.07794386893510818],"uncertainty":{"stddevs":[0.010000000707805157,0.009999999776482582,0.009999999776482582],"pcvectors":[[-0.19210726022720337,-0.5813835859298706,0.7906250357627869],[0.9700058102607727,0.00977962277829647,0.24288490414619446],[-0.148941308259964,0.8135707974433899,0.5620667338371277]]}},{"id":"thelion-bustpoint.lt","coordinates":[0.040746163576841354,-0.1504611074924469,-0.07688602060079575],"uncertainty":{"stddevs":[0.009999999776482582,0.009999999776482582,0.009999998845160007],"pcvectors":[[-0.06015403941273689,-0.9823935627937317,0.176874041557312],[0.022736571729183197,0.17580044269561768,0.984163224697113],[-0.997930109500885,0.06322290003299713,0.011761154979467392]]}},{"id":"trochanterion.rt","coordinates":[-0.035661954432725906,0.11234543472528458,0.2230454981327057],"uncertainty":{"stddevs":[0.010000000707805157,0.009999999776482582,0.009999998845160007],"pcvectors":[[-0.020249150693416595,-0.9923086166381836,-0.12212099879980087],[0.9997690320014954,-0.019217444583773613,-0.00962028093636036],[0.007199434097856283,-0.12228760123252869,0.9924685955047607]]}},{"id":"trochanterion.lt","coordinates":[0.20005856454372406,0.10620487481355667,-0.056485969573259354],"uncertainty":{"stddevs":[0.009999999776482582,0.009999999776482582,0.009999999776482582],"pcvectors":[[-0.06178202107548714,-0.9961756467819214,-0.06178201735019684],[0.7071067690849304,2.866845649762695E-9,-0.7071068286895752],[0.7044026255607605,-0.08737296611070633,0.704402506351471]]}},{"id":"waist.anterior","coordinates":[-0.007072865962982178,0.027400020509958267,0.002926427870988846],"uncertainty":{"stddevs":[0.010000000707805157,0.010000000707805157,0.009999999776482582],"pcvectors":[[-0.5741222500801086,-0.6288190484046936,0.5243760943412781],[0.7994000315666199,-0.29201623797416687,0.5250582098960876],[-0.177040234208107,0.720633864402771,0.6703309416770935]]}},{"id":"waist.posterior","coordinates":[0.14840830862522125,0.010560775175690651,0.1387111097574234],"uncertainty":{"stddevs":[0.009999999776482582,0.009999999776482582,0.009999999776482582],"pcvectors":[[0.08691751211881638,0.744170069694519,0.662311315536499],[0.08683646470308304,0.65663743019104,-0.7491907477378845],[-0.9924237132072449,0.12263056635856628,-0.0075478097423911095]]}},{"id":"waist.rt","coordinates":[0.01289045438170433,0.017803704366087914,0.20800042152404785],"uncertainty":{"stddevs":[0.010000000707805157,0.009999999776482582,0.009999998845160007],"pcvectors":[[-0.12048719078302383,0.9927087426185608,0.003493845695629716],[-0.5184219479560852,-0.05991975963115692,-0.8530230522155762],[-0.8465940952301025,-0.10458963364362717,0.5218615531921387]]}},{"id":"waist.lt","coordinates":[0.16692131757736206,0.013078580610454082,-0.03399723768234253],"uncertainty":{"stddevs":[0.010000000707805157,0.009999999776482582,0.009999999776482582],"pcvectors":[[-0.03217148780822754,-0.9745106101036072,0.22202271223068237],[0.2582142651081085,0.20649276673793793,0.9437617063522339],[-0.9655518531799316,0.08769164979457855,0.24498936533927917]]}}]
