[{"id":"acromion.rt","coordinates":[-0.06978898495435715,-0.5645642280578613,0.24648424983024597],"uncertainty":{"stddevs":[0.009999999776482582,0.009999999776482582,0.009999999776482582],"pcvectors":[[-0.7217463850975037,-0.5961801409721375,-0.3516409695148468],[0.5940428376197815,-0.7942855954170227,0.12737147510051727],[-0.35523971915245056,-0.11695989221334457,0.9274293184280396]]}},{"id":"acromion.lt","coordinates":[0.1894199401140213,-0.5773304104804993,-0.06031915545463562],"uncertainty":{"stddevs":[0.009999999776482582,0.009999999776482582,0.009999999776482582],"pcvectors":[[1.1698102042777205E-16,-0.7071067690849304,0.7071067690849304],[-0.3333333432674408,-0.6666666865348816,-0.6666666865348816],[0.9428090453147888,-0.2357022613286972,-0.2357022613286972]]}},{"id":"crown","coordinates":[0.0009008740889839828,-0.8579491376876831,0.011547713540494442],"uncertainty":{"stddevs":[0.009999999776482582,0.009999999776482582,0.009999999776482582],"pcvectors":[[-0.6059128046035767,-0.6059128046035767,-0.5154991149902344],[0.36451295018196106,0.36451292037963867,-0.856890082359314],[0.7071067690849304,-0.7071067690849304,2.428109446839244E-8]]}},{"id":"femoral-lateral-epi.rt","coordinates":[-0.029629522934556007,0.42719125747680664,0.23718148469924927],"uncertainty":{"stddevs":[0.009999999776482582,0.009999999776482582,0.009999999776482582],"pcvectors":[[0.06265080720186234,0.017476391047239304,0.9978824853897095],[-0.6837100982666016,-0.7276272773742676,0.05566916614770889],[0.7270594239234924,-0.6857500672340393,-0.033637650310993195]]}},{"id":"femoral-lateral-epi.lt","coordinates":[0.18512177467346191,0.41340121626853943,-0.05988094583153725],"uncertainty":{"stddevs":[0.010000000707805157,0.009999999776482582,0.009999999776482582],"pcvectors":[[-0.7067186236381531,-0.06153174862265587,-0.7048138976097107],[0.7054447531700134,0.014495432376861572,-0.7086166739463806],[0.05381900444626808,-0.9979998469352722,0.03316305950284004]]}},{"id":"femoral-medial-epi.rt","coordinates":[0.06409919261932373,0.4623171389102936,0.09558098763227463],"uncertainty":{"stddevs":[0.009999999776482582,0.009999999776482582,0.009999999776482582],"pcvectors":[[0.34655100107192993,0.25991323590278625,0.901303231716156],[-0.6000000238418579,0.800000011920929,1.6870419727865738E-8],[0.7210425734519958,0.5407819747924805,-0.4331887364387512]]}},{"id":"femoral-medial-epi.lt","coordinates":[0.09446393698453903,0.4613019824028015,0.07435072213411331],"uncertainty":{"stddevs":[0.010000000707805157,0.009999999776482582,0.009999998845160007],"pcvectors":[[-0.9258776307106018,0.23796877264976501,0.29346469044685364],[0.09905210882425308,0.9024396538734436,-0.4192747175693512],[-0.3646084666252136,-0.35912877321243286,-0.8591200113296509]]}},{"id":"metatarsal-phalangeal.i.lt","coordinates":[0.033922526985406876,0.972988486289978,-0.07731442898511887],"uncertainty":{"stddevs":[0.010000000707805157,0.009999999776482582,0.009999999776482582],"pcvectors":[[0.0,-0.7071067690849304,-0.7071067690849304],[0.0,-0.7071067690849304,0.7071067690849304],[1.0,0.0,0.0]]}},{"id":"metatarsal-phalangeal.i.rt","coordinates":[-0.06801734864711761,0.9860677719116211,0.07620585709810257],"uncertainty":{"stddevs":[0.009999999776482582,0.009999999776482582,0.009999999776482582],"pcvectors":[[-0.7057297229766846,-0.044108107686042786,0.7071067690849304],[0.06237829104065895,-0.9980525970458984,4.103466011429191E-9],[0.7057297229766846,0.04410811513662338,0.7071067690849304]]}},{"id":"metatarsal-phalangeal.v.rt","coordinates":[-0.0901552066206932,0.9981061816215515,0.1917525976896286],"uncertainty":{"stddevs":[0.010000000707805157,0.009999999776482582,0.009999999776482582],"pcvectors":[[-0.8649105429649353,-0.0009563160128891468,0.5019251108169556],[0.5019053816795349,0.007414616644382477,0.8648907542228699],[-0.004548691213130951,0.9999720454216003,-0.005933000240474939]]}},{"id":"metatarsal-phalangeal.v.lt","coordinates":[0.15103913843631744,0.979443371295929,-0.11706145107746124],"uncertainty":{"stddevs":[0.010000000707805157,0.009999999776482582,0.009999999776482582],"pcvectors":[[-0.7071067690849304,0.7071067690849304,-8.54200887800971E-9],[0.6513633131980896,0.6513633131980896,-0.3891679048538208],[-0.2751832604408264,-0.2751832604408264,-0.9211668372154236]]}},{"id":"radial-styloid.rt","coordinates":[-0.28486543893814087,-0.020185522735118866,0.4184008240699768],"uncertainty":{"stddevs":[0.010000001639127731,0.009999999776482582,0.009999999776482582],"pcvectors":[[-0.30545711517333984,0.8680302500724792,-0.39143258333206177],[-0.2488708794116974,-0.46956852078437805,-0.8470942378044128],[-0.9191078543663025,-0.1613347977399826,0.3594605028629303]]}},{"id":"radial-styloid.lt","coordinates":[0.31724417209625244,-0.04334219917654991,-0.3414047956466675],"uncertainty":{"stddevs":[0.010000000707805157,0.009999999776482582,0.009999999776482582],"pcvectors":[[-0.8164966106414795,-0.40824827551841736,-0.40824827551841736],[0.5773502588272095,-0.5773502588272095,-0.5773502588272095],[9.926167350636332E-24,-0.7071067690849304,0.7071067690849304]]}},{"id":"supramenton","coordinates":[-0.042719341814517975,-0.6377148032188416,-0.01586325280368328],"uncertainty":{"stddevs":[0.009999999776482582,0.009999998845160007,0.009999998845160007],"pcvectors":[[0.13091504573822021,0.9065878391265869,0.4011978507041931],[0.5904111266136169,0.2537959814071655,-0.766160786151886],[-0.7964144349098206,0.3371736407279968,-0.5020338296890259]]}},{"id":"thelion-bustpoint.rt","coordinates":[-0.16841478645801544,-0.38051456212997437,0.07835931330919266],"uncertainty":{"stddevs":[0.009999999776482582,0.009999999776482582,0.009999998845160007],"pcvectors":[[-0.15104228258132935,-0.5079503655433655,0.8480404615402222],[0.980719804763794,-0.18460765480995178,0.06409910321235657],[0.1239955946803093,0.8413717746734619,0.5260405540466309]]}},{"id":"thelion-bustpoint.lt","coordinates":[0.02509530633687973,-0.38460105657577515,-0.15898266434669495],"uncertainty":{"stddevs":[0.010000000707805157,0.010000000707805157,0.009999999776482582],"pcvectors":[[0.7039943337440491,-0.022172240540385246,-0.7098594307899475],[-0.7102025747299194,-0.02490210346877575,-0.7035568356513977],[0.0020775606390088797,-0.9994440078735352,0.0332777202129364]]}},{"id":"trochanterion.rt","coordinates":[-0.07907278090715408,-0.013573335483670235,0.26337122917175293],"uncertainty":{"stddevs":[0.009999999776482582,0.009999999776482582,0.009999999776482582],"pcvectors":[[0.010413278825581074,0.9998915791511536,-0.010413279756903648],[-0.7070301175117493,0.014726600609719753,0.7070301175117493],[0.7071067690849304,7.104774546462522E-10,0.7071067690849304]]}},{"id":"trochanterion.lt","coordinates":[0.19002704322338104,-0.01657293736934662,-0.12396828085184097],"uncertainty":{"stddevs":[0.009999999776482582,0.009999999776482582,0.009999999776482582],"pcvectors":[[0.6478210687637329,0.28342172503471375,0.7071067690849304],[-0.4008188247680664,0.9161573052406311,1.0777913672654904E-8],[0.6478210687637329,0.28342172503471375,-0.7071067690849304]]}},{"id":"waist.anterior","coordinates":[-0.1441674530506134,-0.09588517993688583,-0.10962846130132675],"uncertainty":{"stddevs":[0.010000000707805157,0.009999999776482582,0.009999999776482582],"pcvectors":[[0.1158415749669075,0.1042606309056282,-0.9877805709838867],[0.9923079013824463,-0.05585552752017975,0.11047694087028503],[-0.043654609471559525,-0.9929803013801575,-0.10992904007434845]]}},{"id":"waist.posterior","coordinates":[0.15701913833618164,-0.20514820516109467,0.1555042713880539],"uncertainty":{"stddevs":[0.010000000707805157,0.009999999776482582,0.009999999776482582],"pcvectors":[[-0.23019491136074066,0.021137889474630356,0.9729149341583252],[-0.3481333255767822,0.9318119287490845,-0.1026143804192543],[-0.9087427854537964,-0.36232542991638184,-0.20713956654071808]]}},{"id":"waist.rt","coordinates":[-0.07373252511024475,-0.17037168145179749,0.26569458842277527],"uncertainty":{"stddevs":[0.010000000707805157,0.009999999776482582,0.009999999776482582],"pcvectors":[[-0.6321126818656921,0.4917070269584656,-0.598880410194397],[0.2162245810031891,0.8541009426116943,0.473031222820282],[0.744097113609314,0.16951635479927063,-0.6462071537971497]]}},{"id":"waist.lt","coordinates":[0.17100155353546143,-0.1833215355873108,-0.12859486043453217],"uncertainty":{"stddevs":[0.010000000707805157,0.010000000707805157,0.009999999776482582],"pcvectors":[[-0.6805595755577087,-0.1502113938331604,-0.7171298265457153],[0.678059458732605,-0.49997812509536743,-0.5387552380561829],[-0.2776220738887787,-0.8529117107391357,0.4421171545982361]]}}]
