[{"id":"acromion.lt","coordinates":[0.16054660081863403,-0.30523598194122314,-0.021357337012887],"uncertainty":{"stddevs":[0.009999999776482582,0.009999999776482582,0.009999998845160007],"pcvectors":[[-0.588810384273529,0.6833571791648865,0.4316541254520416],[0.5479991436004639,-0.055050548166036606,0.8346654176712036],[0.59413743019104,0.7280057668685913,-0.3420647978782654]]}},{"id":"acromion.rt","coordinates":[-0.006550786085426807,-0.2992364466190338,0.18675591051578522],"uncertainty":{"stddevs":[0.010000000707805157,0.009999999776482582,0.009999999776482582],"pcvectors":[[0.2523456811904907,0.10899941623210907,0.9614784121513367],[-0.3574148118495941,0.9338678121566772,-0.012063676491379738],[-0.8992087244987488,-0.34060242772102356,0.2746155261993408]]}},{"id":"crown","coordinates":[0.05751064047217369,-0.5725314021110535,0.08145342767238617],"uncertainty":{"stddevs":[0.010000000707805157,0.009999999776482582,0.009999999776482582],"pcvectors":[[-0.8077914118766785,0.36473894119262695,-0.4630751311779022],[0.38079121708869934,-0.27678489685058594,-0.8822631239891052],[-0.4499679207801819,-0.8890194892883301,0.08469507098197937]]}},{"id":"femoral-lateral-epi.lt","coordinates":[0.21551595628261566,0.5744638442993164,-0.015774868428707123],"uncertainty":{"stddevs":[0.009999999776482582,0.009999999776482582,0.009999999776482582],"pcvectors":[[0.0,-0.7071067690849304,0.7071067690849304],[1.0,0.0,0.0],[0.0,0.7071067690849304,0.7071067690849304]]}},{"id":"femoral-lateral-epi.rt","coordinates":[0.04544634371995926,0.5810747742652893,0.22675584256649017],"uncertainty":{"stddevs":[0.009999999776482582,0.009999999776482582,0.009999998845160007],"pcvectors":[[0.5250777006149292,-0.14540721476078033,0.8385404944419861],[0.029559360817074776,0.9878175854682922,0.1527831256389618],[-0.850540816783905,-0.055436283349990845,0.5229790806770325]]}},{"id":"femoral-medial-epi.lt","coordinates":[0.1397794932126999,0.5907884836196899,0.06828433275222778],"uncertainty":{"stddevs":[0.009999999776482582,0.009999999776482582,0.009999997913837433],"pcvectors":[[-0.014182532206177711,-0.8996325135231018,0.43641743063926697],[0.8974622488021851,-0.20389217138290405,-0.3911387026309967],[0.4408631920814514,0.38612082600593567,0.8102779388427734]]}},{"id":"femoral-medial-epi.rt","coordinates":[0.0916263610124588,0.5998878479003906,0.13544760644435883],"uncertainty":{"stddevs":[0.009999999776482582,0.009999999776482582,0.009999999776482582],"pcvectors":[[-0.16934022307395935,-0.8964478373527527,-0.4095182418823242],[0.8460120558738708,-0.3453670144081116,0.40618371963500977],[-0.505556583404541,-0.27767413854599,0.8168901801109314]]}},{"id":"metatarsal-phalangeal.i.lt","coordinates":[0.10103613138198853,0.9743625521659851,-0.0682409331202507],"uncertainty":{"stddevs":[0.010000000707805157,0.009999999776482582,0.009999999776482582],"pcvectors":[[-0.848931610584259,-0.5269377827644348,-0.040641043335199356],[0.121361143887043,-0.11952110379934311,-0.985386312007904],[0.5143797993659973,-0.8414578437805176,0.16541501879692078]]}},{"id":"metatarsal-phalangeal.i.rt","coordinates":[-0.04015631973743439,0.9719990491867065,0.13927434384822845],"uncertainty":{"stddevs":[0.010000000707805157,0.010000000707805157,0.009999999776482582],"pcvectors":[[-0.7071067690849304,0.7071067690849304,1.1441001035450427E-8],[0.11385847628116608,0.11385846138000488,0.9869511127471924],[0.6978798508644104,0.6978798508644104,-0.1610201895236969]]}},{"id":"metatarsal-phalangeal.v.lt","coordinates":[0.18066631257534027,0.9774414300918579,-0.07611329108476639],"uncertainty":{"stddevs":[0.009999999776482582,0.009999999776482582,0.009999998845160007],"pcvectors":[[0.13255606591701508,-0.3369978964328766,0.9321272969245911],[-0.9378951191902161,0.26153475046157837,0.22793060541152954],[-0.32059580087661743,-0.9044511914253235,-0.2814006507396698]]}},{"id":"metatarsal-phalangeal.v.rt","coordinates":[-0.0285502877086401,0.9703729152679443,0.19857896864414215],"uncertainty":{"stddevs":[0.010000000707805157,0.009999999776482582,0.009999998845160007],"pcvectors":[[0.28836190700531006,0.4293729066848755,0.8558541536331177],[-0.6742615699768066,-0.5435835719108582,0.49988821148872375],[0.6798667311668396,-0.7212182879447937,0.13276086747646332]]}},{"id":"radial-styloid.lt","coordinates":[0.2882637083530426,0.09276776760816574,-0.23835159838199615],"uncertainty":{"stddevs":[0.009999999776482582,0.009999999776482582,0.009999998845160007],"pcvectors":[[-0.865533709526062,0.432766854763031,-0.2521194517612457],[0.4472135901451111,0.8944271802902222,6.950522379867152E-10],[0.22550249099731445,-0.11275124549865723,-0.9676961302757263]]}},{"id":"radial-styloid.rt","coordinates":[-0.1615847498178482,0.12112720310688019,0.3437884449958801],"uncertainty":{"stddevs":[0.009999999776482582,0.009999999776482582,0.009999998845160007],"pcvectors":[[-0.04783301427960396,-0.9972804188728333,0.05606983229517937],[0.9717588424682617,-0.033475860953330994,0.23358964920043945],[-0.2310773879289627,0.06565964967012405,0.9707173109054565]]}},{"id":"supramenton","coordinates":[-0.0025110787246376276,-0.38167545199394226,0.02483757771551609],"uncertainty":{"stddevs":[0.010000000707805157,0.009999999776482582,0.009999998845160007],"pcvectors":[[-0.017152095213532448,-0.7926053404808044,-0.6094937324523926],[0.16903167963027954,-0.6031079292297363,0.7795441746711731],[-0.9854613542556763,-0.08965293318033218,0.14431996643543243]]}},{"id":"thelion-bustpoint.rt","coordinates":[-0.06784982979297638,-0.13548535108566284,0.06579437106847763],"uncertainty":{"stddevs":[0.009999999776482582,0.009999999776482582,0.009999998845160007],"pcvectors":[[-0.32223600149154663,-0.8013677000999451,-0.5039581060409546],[0.9386226534843445,-0.33968451619148254,-0.06001650169491768],[-0.12309148907661438,-0.4923659563064575,0.861640453338623]]}},{"id":"trochanterion.lt","coordinates":[0.17840108275413513,0.12972775101661682,-0.07512586563825607],"uncertainty":{"stddevs":[0.010000000707805157,0.009999999776482582,0.009999999776482582],"pcvectors":[[-0.6487308144569397,-0.20490342378616333,-0.7329139709472656],[0.7423473596572876,-0.38240376114845276,-0.5501706600189209],[-0.16753721237182617,-0.9009894132614136,0.40018659830093384]]}},{"id":"trochanterion.rt","coordinates":[-0.03297887369990349,0.13829784095287323,0.22906628251075745],"uncertainty":{"stddevs":[0.009999999776482582,0.009999999776482582,0.009999999776482582],"pcvectors":[[-0.09714621305465698,-0.9905176758766174,0.09714622050523758],[0.7071067690849304,6.6190781744523974E-9,0.7071067690849304],[-0.700401782989502,0.1373855024576187,0.7004017233848572]]}},{"id":"waist.anterior","coordinates":[-0.006609552539885044,0.03430861607193947,0.0021943156607449055],"uncertainty":{"stddevs":[0.010000000707805157,0.009999999776482582,0.009999998845160007],"pcvectors":[[0.07262373715639114,-0.7200189828872681,0.6901437640190125],[-0.18234461545944214,0.6707223653793335,0.7189450263977051],[-0.9805489182472229,-0.17805646359920502,-0.08258122205734253]]}},{"id":"waist.lt","coordinates":[0.16407562792301178,0.025507813319563866,-0.03958474099636078],"uncertainty":{"stddevs":[0.010000000707805157,0.010000000707805157,0.009999999776482582],"pcvectors":[[-0.14974159002304077,-0.4127538502216339,-0.8984495997428894],[0.986393928527832,1.952619399503419E-8,-0.16439898312091827],[0.0678563266992569,-0.9108425974845886,0.4071378707885742]]}},{"id":"waist.posterior","coordinates":[0.1516956388950348,0.02615593746304512,0.15319839119911194],"uncertainty":{"stddevs":[0.009999999776482582,0.009999999776482582,0.009999999776482582],"pcvectors":[[-0.6572701930999756,0.19318656623363495,0.7284743189811707],[0.4203436076641083,0.8962516784667969,0.14157743752002716],[-0.6255455017089844,0.3992641568183899,-0.6702842712402344]]}},{"id":"waist.rt","coordinates":[0.009748071432113647,0.022916441783308983,0.20773538947105408],"uncertainty":{"stddevs":[0.009999999776482582,0.009999999776482582,0.009999999776482582],"pcvectors":[[0.22899092733860016,0.973422646522522,0.00339102721773088],[-0.6485668420791626,0.14997126162052155,0.7462369799613953],[-0.7258954048156738,0.17308081686496735,-0.665671706199646]]}},{"id":"thelion-bustpoint.lt","coordinates":[0.04444092884659767,-0.14164753258228302,-0.07722417265176773],"uncertainty":{"stddevs":[0.009999999776482582,0.009999999776482582,0.009999999776482582],"pcvectors":[[-0.6570008397102356,-0.32571738958358765,-0.6798956394195557],[0.31027722358703613,-0.9387535452842712,0.149899423122406],[-0.6870793104171753,-0.11247209459543228,0.7178245186805725]]}}]
