[{"id":"crown","coordinates":[0.028875181451439857,-0.8654447197914124,0.05056518316268921],"uncertainty":{"stddevs":[0.009999999776482582,0.009999999776482582,0.009999999776482582],"pcvectors":[[1.0,0.0,0.0],[0.0,1.0,0.0],[0.0,0.0,1.0]]}},{"id":"waist.rt","coordinates":[-0.05269845202565193,-0.19883888959884644,0.2666805684566498],"uncertainty":{"stddevs":[0.010000000707805157,0.009999999776482582,0.009999999776482582],"pcvectors":[[-0.030396955087780952,-0.9731656908988953,0.22808901965618134],[0.9995033144950867,-0.031492751091718674,-0.001165370806120336],[0.008317249827086926,0.22794030606746674,0.9736396074295044]]}},{"id":"waist.posterior","coordinates":[0.15864108502864838,-0.20776738226413727,0.15309154987335205],"uncertainty":{"stddevs":[0.010000000707805157,0.010000000707805157,0.009999998845160007],"pcvectors":[[0.8163139224052429,0.04650862142443657,0.5757330060005188],[-0.5001037120819092,0.5556439757347107,0.6641957759857178],[-0.28901177644729614,-0.8301184773445129,0.4768390953540802]]}},{"id":"metatarsal-phalangeal.v.rt","coordinates":[-0.10060282051563263,0.9888097643852234,0.1837656944990158],"uncertainty":{"stddevs":[0.010000000707805157,0.009999999776482582,0.009999999776482582],"pcvectors":[[-0.9647667407989502,0.18604449927806854,-0.18604449927806854],[6.6174449004242214E-24,0.7071067690849304,0.7071067690849304],[-0.26310664415359497,-0.6821931004524231,0.6821931004524231]]}},{"id":"metatarsal-phalangeal.i.rt","coordinates":[-0.08176480978727341,0.9677022695541382,0.08450627326965332],"uncertainty":{"stddevs":[0.010000000707805157,0.009999999776482582,0.009999999776482582],"pcvectors":[[-0.09254137426614761,0.0,-0.9957088232040405],[0.0,-1.0,0.0],[0.9957088232040405,0.0,-0.09254137426614761]]}},{"id":"metatarsal-phalangeal.v.lt","coordinates":[0.1271132081747055,0.9660404324531555,-0.12034596502780914],"uncertainty":{"stddevs":[0.009999999776482582,0.009999999776482582,0.009999999776482582],"pcvectors":[[1.0,0.0,0.0],[0.0,1.0,0.0],[0.0,0.0,1.0]]}},{"id":"metatarsal-phalangeal.i.lt","coordinates":[0.026886647567152977,0.9725977778434753,-0.10483017563819885],"uncertainty":{"stddevs":[0.009999999776482582,0.009999999776482582,0.009999999776482582],"pcvectors":[[1.0,0.0,0.0],[0.0,1.0,0.0],[0.0,0.0,1.0]]}},{"id":"acromion.rt","coordinates":[-0.07282805442810059,-0.5616632699966431,0.25208088755607605],"uncertainty":{"stddevs":[0.010000000707805157,0.009999999776482582,0.009999999776482582],"pcvectors":[[-0.9809080958366394,-0.14213722944259644,-0.13272660970687866],[0.14542542397975922,-0.0829913541674614,-0.9858822822570801],[0.12911541759967804,-0.9863617420196533,0.10207725316286087]]}},{"id":"acromion.lt","coordinates":[0.17649002373218536,-0.5683784484863281,-0.08570194989442825],"uncertainty":{"stddevs":[0.009999999776482582,0.009999999776482582,0.009999999776482582],"pcvectors":[[1.0,0.0,0.0],[0.0,1.0,0.0],[0.0,0.0,1.0]]}},{"id":"waist.lt","coordinates":[0.1605086773633957,-0.18320544064044952,-0.1334102302789688],"uncertainty":{"stddevs":[0.009999999776482582,0.009999999776482582,0.009999999776482582],"pcvectors":[[1.0,0.0,0.0],[0.0,1.0,0.0],[0.0,0.0,1.0]]}},{"id":"supramenton","coordinates":[-0.04731765389442444,-0.6325985193252563,-0.008345936425030231],"uncertainty":{"stddevs":[0.010000000707805157,0.009999999776482582,0.009999998845160007],"pcvectors":[[-0.9705713987350464,-0.05291130393743515,0.23492878675460815],[0.23780004680156708,-0.056734006851911545,0.9696558117866516],[-0.03797730430960655,0.9969862699508667,0.06764671206474304]]}},{"id":"thelion-bustpoint.rt","coordinates":[-0.1722962111234665,-0.36877864599227905,0.10958226025104523],"uncertainty":{"stddevs":[0.010000000707805157,0.009999999776482582,0.009999999776482582],"pcvectors":[[-0.014566894620656967,-0.9293670654296875,0.36886948347091675],[0.08353132754564285,0.366487979888916,0.9266655445098877],[-0.9963986873626709,0.0443107970058918,0.07229267060756683]]}},{"id":"thelion-bustpoint.lt","coordinates":[0.0510629378259182,-0.3735334873199463,-0.16489018499851227],"uncertainty":{"stddevs":[0.009999999776482582,0.009999998845160007,0.009999998845160007],"pcvectors":[[-0.018330639228224754,0.9997398853302002,0.013571955263614655],[-0.4719432592391968,0.003315184498205781,-0.8816226720809937],[-0.8814383149147034,-0.022565901279449463,0.47175973653793335]]}},{"id":"trochanterion.rt","coordinates":[-0.04133456200361252,-0.0012273491593077779,0.2955515384674072],"uncertainty":{"stddevs":[0.010000000707805157,0.009999999776482582,0.009999999776482582],"pcvectors":[[-0.7070649266242981,-0.0035504507832229137,-0.7071397304534912],[-0.7067466974258423,0.03725886717438698,0.706484854221344],[0.023838885128498077,0.9992993474006653,-0.028853707015514374]]}},{"id":"trochanterion.lt","coordinates":[0.2317119985818863,-0.003999984357506037,-0.09785900264978409],"uncertainty":{"stddevs":[0.009999999776482582,0.009999999776482582,0.009999999776482582],"pcvectors":[[0.2297532558441162,-0.9732477068901062,0.0015304387779906392],[0.00006103476698626764,0.001586913364008069,0.9999987483024597],[-0.9732488989830017,-0.22975286841392517,0.00042400043457746506]]}},{"id":"femoral-lateral-epi.rt","coordinates":[-0.03799248859286308,0.45889878273010254,0.2317296862602234],"uncertainty":{"stddevs":[0.010000000707805157,0.009999999776482582,0.009999999776482582],"pcvectors":[[-0.8882898092269897,0.08461640030145645,0.4514214098453522],[-0.4584246873855591,-0.22342351078987122,-0.8601911067962646],[0.028071878477931023,-0.971041738986969,0.2372550666332245]]}},{"id":"femoral-lateral-epi.lt","coordinates":[0.1824049949645996,0.4750575125217438,-0.055136166512966156],"uncertainty":{"stddevs":[0.009999999776482582,0.009999999776482582,0.009999999776482582],"pcvectors":[[1.0,0.0,0.0],[0.0,1.0,0.0],[0.0,0.0,1.0]]}},{"id":"radial-styloid.rt","coordinates":[-0.2727739214897156,-0.02982228435575962,0.4003808796405792],"uncertainty":{"stddevs":[0.010000000707805157,0.010000000707805157,0.009999998845160007],"pcvectors":[[0.40120503306388855,0.7093759775161743,0.5794999599456787],[-0.6683581471443176,-0.20590300858020782,0.7147736549377441],[0.6263640522956848,-0.6740843057632446,0.3915078938007355]]}},{"id":"radial-styloid.lt","coordinates":[0.2989197373390198,-0.04717336967587471,-0.322848379611969],"uncertainty":{"stddevs":[0.010000000707805157,0.009999999776482582,0.009999999776482582],"pcvectors":[[4.1359030627651384E-25,0.7071067690849304,0.7071067690849304],[-0.7071067690849304,0.5,-0.5],[-0.7071067690849304,-0.5,0.5]]}},{"id":"waist.anterior","coordinates":[-0.15582332015037537,-0.1406761109828949,-0.10312827676534653],"uncertainty":{"stddevs":[0.010000000707805157,0.009999999776482582,0.009999999776482582],"pcvectors":[[0.05975165218114853,0.9732341170310974,0.2219124287366867],[-0.7697781324386597,-0.09660780429840088,0.6309584379196167],[0.6355087757110596,-0.20852413773536682,0.743401825428009]]}},{"id":"femoral-medial-epi.rt","coordinates":[0.031655941158533096,0.48784732818603516,0.08773241937160492],"uncertainty":{"stddevs":[0.009999999776482582,0.009999999776482582,0.009999999776482582],"pcvectors":[[-0.6255455017089844,-0.3992641568183899,0.6702842712402344],[0.4203435778617859,-0.8962516784667969,-0.14157746732234955],[0.6572701930999756,0.19318653643131256,0.7284743189811707]]}},{"id":"femoral-medial-epi.lt","coordinates":[0.09254327416419983,0.5021564960479736,0.05716317519545555],"uncertainty":{"stddevs":[0.010000000707805157,0.009999999776482582,0.009999998845160007],"pcvectors":[[0.012295425869524479,0.37680375576019287,0.9262115359306335],[-0.6757345795631409,0.6858915686607361,-0.2700658142566681],[-0.7370424866676331,-0.6225525736808777,0.26305264234542847]]}}]
