[{"id":"acromion.rt","coordinates":[-0.009367047809064388,-0.30016109347343445,0.21561485528945923],"uncertainty":{"stddevs":[0.009999999776482582,0.009999999776482582,0.009999998845160007],"pcvectors":[[-0.9304513335227966,-0.3659683167934418,0.018097179010510445],[0.05368154123425484,-0.18500585854053497,-0.9812701344490051],[0.3624618649482727,-0.9120526313781738,0.19178469479084015]]}},{"id":"acromion.lt","coordinates":[0.16621991991996765,-0.3010507822036743,-0.03379732742905617],"uncertainty":{"stddevs":[0.010000000707805157,0.009999999776482582,0.009999999776482582],"pcvectors":[[0.1596643328666687,0.825392484664917,0.5415114164352417],[-0.9786892533302307,0.06059662252664566,0.19620229303836823],[0.12913012504577637,-0.5612978935241699,0.8174778819084167]]}},{"id":"crown","coordinates":[0.030149269849061966,-0.5649062395095825,0.05256433039903641],"uncertainty":{"stddevs":[0.010000000707805157,0.009999999776482582,0.009999999776482582],"pcvectors":[[-0.04752621054649353,-0.11638367921113968,0.9920665621757507],[0.724656343460083,-0.687576949596405,-0.045947082340717316],[0.6874696016311646,0.716723620891571,0.11701609939336777]]}},{"id":"femoral-lateral-epi.lt","coordinates":[0.19257321953773499,0.5395373702049255,-0.0298857931047678],"uncertainty":{"stddevs":[0.010000000707805157,0.010000000707805157,0.009999999776482582],"pcvectors":[[-0.9163373708724976,0.2185843288898468,-0.3354797959327698],[-0.3977973461151123,-0.40147051215171814,0.8249719142913818],[0.04564068838953972,0.8894056081771851,0.4548346996307373]]}},{"id":"femoral-lateral-epi.rt","coordinates":[0.024365097284317017,0.5552381873130798,0.2077871710062027],"uncertainty":{"stddevs":[0.009999999776482582,0.009999999776482582,0.009999999776482582],"pcvectors":[[-0.7071067690849304,-0.3922322690486908,0.588348388671875],[-2.017987732472193E-8,0.8320503234863281,0.5547001957893372],[0.7071067690849304,-0.3922322392463684,0.588348388671875]]}},{"id":"femoral-medial-epi.lt","coordinates":[0.12965679168701172,0.5705249905586243,0.055135343223810196],"uncertainty":{"stddevs":[0.010000000707805157,0.010000000707805157,0.009999999776482582],"pcvectors":[[0.11450095474720001,-0.9160075783729553,-0.38447320461273193],[0.9922778606414795,0.12403474003076553,1.1580943315436798E-8],[0.04768802225589752,-0.38150423765182495,0.9231361746788025]]}},{"id":"femoral-medial-epi.rt","coordinates":[0.10078597068786621,0.5707802176475525,0.1272559016942978],"uncertainty":{"stddevs":[0.009999999776482582,0.009999999776482582,0.009999999776482582],"pcvectors":[[-0.5753964781761169,0.7071067690849304,-0.4109974801540375],[0.5812382102012634,5.755251275552098E-10,-0.8137334585189819],[-0.5753964781761169,-0.7071067690849304,-0.4109974801540375]]}},{"id":"metatarsal-phalangeal.i.lt","coordinates":[0.09854068607091904,0.9890461564064026,-0.04341099411249161],"uncertainty":{"stddevs":[0.009999999776482582,0.009999999776482582,0.009999999776482582],"pcvectors":[[-0.3764195144176483,0.2147250771522522,-0.9012222290039062],[0.037877004593610764,-0.9683899283409119,-0.24654878675937653],[-0.9256747364997864,-0.12694136798381805,0.3563877046108246]]}},{"id":"metatarsal-phalangeal.i.rt","coordinates":[-0.030107393860816956,0.9911407232284546,0.1262965202331543],"uncertainty":{"stddevs":[0.009999999776482582,0.009999999776482582,0.009999999776482582],"pcvectors":[[-0.016626879572868347,-0.9981787800788879,0.057988714426755905],[0.7095324993133545,0.02908390201628208,0.7040722370147705],[-0.704476535320282,0.05285140499472618,0.7077566981315613]]}},{"id":"metatarsal-phalangeal.v.lt","coordinates":[0.18521209061145782,0.9875325560569763,-0.08903489261865616],"uncertainty":{"stddevs":[0.010000000707805157,0.010000000707805157,0.009999999776482582],"pcvectors":[[0.4774816632270813,0.4774816334247589,0.737578809261322],[-0.7071067690849304,0.7071067690849304,8.595467448913041E-9],[-0.5215470194816589,-0.5215470194816589,0.6752610206604004]]}},{"id":"metatarsal-phalangeal.v.rt","coordinates":[-0.05088244006037712,0.9802817702293396,0.20555302500724792],"uncertainty":{"stddevs":[0.010000000707805157,0.009999999776482582,0.009999999776482582],"pcvectors":[[-0.7217463850975037,0.3516409993171692,-0.5961801409721375],[0.5940428376197815,-0.12737147510051727,-0.7942855954170227],[-0.35523971915245056,-0.9274293184280396,-0.11695991456508636]]}},{"id":"radial-styloid.rt","coordinates":[-0.16347746551036835,0.11110804229974747,0.35729432106018066],"uncertainty":{"stddevs":[0.010000000707805157,0.009999999776482582,0.009999999776482582],"pcvectors":[[-0.9647307991981506,-0.22322574257850647,-0.13951610028743744],[-2.313749547511179E-8,-0.5299988985061646,0.847998321056366],[0.26323843002319336,-0.8180901408195496,-0.5113062858581543]]}},{"id":"radial-styloid.lt","coordinates":[0.3080374598503113,0.09632555395364761,-0.2580890357494354],"uncertainty":{"stddevs":[0.009999999776482582,0.009999999776482582,0.009999999776482582],"pcvectors":[[-0.7049803137779236,0.6395218968391418,0.3066178560256958],[0.6064258813858032,0.7677301168441772,-0.20697377622127533],[-0.3677639961242676,0.04002857208251953,-0.929057240486145]]}},{"id":"supramenton","coordinates":[-0.0034788523335009813,-0.3947374224662781,0.02371625229716301],"uncertainty":{"stddevs":[0.009999999776482582,0.009999999776482582,0.009999999776482582],"pcvectors":[[-0.4597008526325226,-0.6279630064964294,0.6279630064964294],[0.8880738615989685,-0.32505759596824646,0.3250575661659241],[1.2862199305629929E-8,0.7071067690849304,0.7071067690849304]]}},{"id":"thelion-bustpoint.rt","coordinates":[-0.06381633877754211,-0.14607234299182892,0.056169334799051285],"uncertainty":{"stddevs":[0.009999999776482582,0.009999999776482582,0.009999999776482582],"pcvectors":[[-0.7330982089042664,0.6647758483886719,-0.1436665803194046],[0.635855495929718,0.7448802590370178,0.20209206640720367],[0.24136032164096832,0.05680214986205101,-0.968771755695343]]}},{"id":"thelion-bustpoint.lt","coordinates":[0.03007994405925274,-0.15022407472133636,-0.06951767206192017],"uncertainty":{"stddevs":[0.010000000707805157,0.010000000707805157,0.009999999776482582],"pcvectors":[[-0.9626154899597168,-0.16858604550361633,-0.21201463043689728],[0.14390036463737488,-0.9814060926437378,0.1270226538181305],[-0.22948670387268066,0.09176498651504517,0.9689762592315674]]}},{"id":"trochanterion.lt","coordinates":[0.2079290747642517,0.1310359090566635,-0.05921930819749832],"uncertainty":{"stddevs":[0.010000000707805157,0.009999999776482582,0.009999999776482582],"pcvectors":[[-0.9719058275222778,0.03095366805791855,0.23332570493221283],[0.1703471839427948,0.7765827775001526,0.6065484285354614],[-0.1624218374490738,0.6292543411254883,-0.7600382566452026]]}},{"id":"trochanterion.rt","coordinates":[-0.02541595697402954,0.15714408457279205,0.24099059402942657],"uncertainty":{"stddevs":[0.009999999776482582,0.009999999776482582,0.009999998845160007],"pcvectors":[[0.37833571434020996,-0.21129150688648224,0.9012314081192017],[0.057251814752817154,0.977077841758728,0.20503929257392883],[-0.9238962531089783,-0.025976551696658134,0.38176026940345764]]}},{"id":"waist.anterior","coordinates":[-0.012151937931776047,0.04714778810739517,-0.001806553453207016],"uncertainty":{"stddevs":[0.009999999776482582,0.009999999776482582,0.009999999776482582],"pcvectors":[[-0.5215470194816589,-0.6752610206604004,0.5215470194816589],[0.7071067690849304,-2.136742338620934E-9,0.7071067690849304],[-0.4774816632270813,0.7375788688659668,0.4774816334247589]]}},{"id":"waist.posterior","coordinates":[0.15611422061920166,0.010526220314204693,0.129319965839386],"uncertainty":{"stddevs":[0.010000000707805157,0.010000000707805157,0.009999999776482582],"pcvectors":[[-0.8850979208946228,0.15777705609798431,-0.4378448724746704],[-0.45908230543136597,-0.4505266547203064,0.7656821608543396],[-0.07645370066165924,0.8787105083465576,0.4711928367614746]]}},{"id":"waist.lt","coordinates":[0.17256072163581848,0.008166642859578133,-0.027857106178998947],"uncertainty":{"stddevs":[0.009999999776482582,0.009999999776482582,0.009999999776482582],"pcvectors":[[-0.061347413808107376,0.9938654899597168,0.09202112257480621],[0.8320503830909729,1.7848906352924132E-8,0.5547000169754028],[0.5512972474098206,0.11059562861919403,-0.8269461989402771]]}},{"id":"waist.rt","coordinates":[-0.010345051996409893,0.008336465805768967,0.18810586631298065],"uncertainty":{"stddevs":[0.010000001639127731,0.010000000707805157,0.009999999776482582],"pcvectors":[[-0.27054330706596375,0.30716174840927124,-0.9123913645744324],[0.9473198056221008,-0.08383311331272125,-0.3091232180595398],[-0.17143943905830383,-0.9479576349258423,-0.26829993724823]]}}]
