[{"id":"acromion.rt","coordinates":[-0.0724877342581749,-0.562835156917572,0.24639597535133362],"uncertainty":{"stddevs":[0.009999999776482582,0.009999999776482582,0.009999999776482582],"pcvectors":[[-0.7217463850975037,-0.5961801409721375,-0.3516409695148468],[0.5940428376197815,-0.7942855954170227,0.12737147510051727],[-0.35523971915245056,-0.11695989221334457,0.9274293184280396]]}},{"id":"acromion.lt","coordinates":[0.1861807107925415,-0.5668522715568542,-0.0864451453089714],"uncertainty":{"stddevs":[0.009999999776482582,0.009999999776482582,0.009999999776482582],"pcvectors":[[-0.3922322690486908,-0.7071067690849304,0.588348388671875],[0.8320502638816833,3.6453351448528792E-9,0.5547001957893372],[-0.3922322690486908,0.7071067690849304,0.588348388671875]]}},{"id":"crown","coordinates":[-0.012161104939877987,-0.8517513871192932,0.006677691359072924],"uncertainty":{"stddevs":[0.009999999776482582,0.009999999776482582,0.009999999776482582],"pcvectors":[[-0.6059128046035767,-0.6059128046035767,-0.5154991149902344],[0.36451295018196106,0.36451292037963867,-0.856890082359314],[0.7071067690849304,-0.7071067690849304,2.428109446839244E-8]]}},{"id":"femoral-medial-epi.lt","coordinates":[0.18488246202468872,0.4369811713695526,-0.05626633018255234],"uncertainty":{"stddevs":[0.009999999776482582,0.009999999776482582,0.009999999776482582],"pcvectors":[[-0.22855110466480255,-0.2070465087890625,-0.9512602686882019],[0.02864500880241394,-0.9781299829483032,0.2060125321149826],[-0.9731103777885437,0.01983553171157837,0.22948352992534637]]}},{"id":"femoral-medial-epi.rt","coordinates":[-0.039493829011917114,0.4415988028049469,0.23324723541736603],"uncertainty":{"stddevs":[0.010000000707805157,0.009999999776482582,0.009999999776482582],"pcvectors":[[0.5588521957397461,0.03711865469813347,0.8284361362457275],[-0.1366778165102005,0.9894583821296692,0.04786771163344383],[-0.817926287651062,-0.13997982442378998,0.5580343008041382]]}},{"id":"femoral-medial-epi.rt","coordinates":[0.04132407158613205,0.4983631372451782,0.09439846873283386],"uncertainty":{"stddevs":[0.010000000707805157,0.010000000707805157,0.009999999776482582],"pcvectors":[[-0.5716767311096191,0.21115714311599731,-0.7928419709205627],[-0.8198571801185608,-0.18462657928466797,0.541984498500824],[-0.03193579986691475,0.9598571062088013,0.2786654233932495]]}},{"id":"femoral-medial-epi.lt","coordinates":[0.07800572365522385,0.49915045499801636,0.03680683299899101],"uncertainty":{"stddevs":[0.009999999776482582,0.009999998845160007,0.009999997913837433],"pcvectors":[[-0.02420520782470703,-0.5195391178131104,0.8541037440299988],[0.3131770193576813,0.8074090480804443,0.5000107884407043],[-0.9493862390518188,0.279588520526886,0.14316420257091522]]}},{"id":"metatarsal-phalangeal.i.lt","coordinates":[0.03622930124402046,0.9697259664535522,-0.07858499884605408],"uncertainty":{"stddevs":[0.010000000707805157,0.009999999776482582,0.009999999776482582],"pcvectors":[[-0.18055029213428497,0.7457031011581421,0.6413489580154419],[-0.23369453847408295,0.6008679866790771,-0.7644243240356445],[-0.9553996324539185,-0.2878967821598053,0.06577985733747482]]}},{"id":"metatarsal-phalangeal.i.rt","coordinates":[-0.061352867633104324,0.988843560218811,0.07917250692844391],"uncertainty":{"stddevs":[0.009999999776482582,0.009999999776482582,0.009999999776482582],"pcvectors":[[-0.3651483654975891,0.9128709435462952,-0.18257418274879456],[0.4472135901451111,1.2541859106818265E-8,-0.8944271802902222],[-0.8164965510368347,-0.40824830532073975,-0.40824830532073975]]}},{"id":"metatarsal-phalangeal.v.rt","coordinates":[-0.10248849540948868,0.9982250332832336,0.18501506745815277],"uncertainty":{"stddevs":[0.009999999776482582,0.009999999776482582,0.009999999776482582],"pcvectors":[[0.11957316100597382,0.9855985641479492,0.11957315355539322],[-0.7071057558059692,-2.5187620167343994E-7,0.7071078419685364],[-0.6969245076179504,0.16910198330879211,-0.6969223618507385]]}},{"id":"metatarsal-phalangeal.v.lt","coordinates":[0.09971075505018234,0.9823375344276428,-0.14764340221881866],"uncertainty":{"stddevs":[0.009999999776482582,0.009999999776482582,0.009999999776482582],"pcvectors":[[-1.6077748021814386E-9,0.7071067690849304,-0.7071067690849304],[-1.0,-2.2737369764769255E-9,0.0],[1.6077748021814386E-9,-0.7071067690849304,-0.7071067690849304]]}},{"id":"radial-styloid.rt","coordinates":[-0.2808006703853607,-0.02516399323940277,0.41205281019210815],"uncertainty":{"stddevs":[0.009999999776482582,0.009999999776482582,0.009999998845160007],"pcvectors":[[0.25338107347488403,0.24501262605190277,0.9358241558074951],[-0.8409955501556396,-0.4222634732723236,0.33826038241386414],[0.4780424237251282,-0.8727326989173889,0.09906096011400223]]}},{"id":"radial-styloid.lt","coordinates":[0.321708619594574,-0.03823031112551689,-0.3451232314109802],"uncertainty":{"stddevs":[0.010000000707805157,0.010000000707805157,0.009999999776482582],"pcvectors":[[-0.7082710266113281,-0.3247523009777069,-0.6268078684806824],[0.45325952768325806,0.471512109041214,-0.7564602494239807],[0.5412096977233887,-0.8198855519294739,-0.1867612898349762]]}},{"id":"supramenton","coordinates":[-0.04013422131538391,-0.6351981163024902,-0.019235188141465187],"uncertainty":{"stddevs":[0.009999999776482582,0.009999998845160007,0.009999998845160007],"pcvectors":[[0.13091504573822021,0.9065878391265869,0.4011978507041931],[0.5904111266136169,0.2537959814071655,-0.766160786151886],[-0.7964144349098206,0.3371736407279968,-0.5020338296890259]]}},{"id":"thelion-bustpoint.rt","coordinates":[-0.17488551139831543,-0.38303571939468384,0.09333154559135437],"uncertainty":{"stddevs":[0.009999999776482582,0.009999998845160007,0.009999998845160007],"pcvectors":[[0.014025900512933731,0.92356938123703,-0.38317468762397766],[0.18645153939723969,-0.37890684604644775,-0.9064576029777527],[-0.9823640584945679,-0.0587296262383461,-0.17751544713974]]}},{"id":"thelion-bustpoint.lt","coordinates":[0.022013437002897263,-0.38562825322151184,-0.15810087323188782],"uncertainty":{"stddevs":[0.009999999776482582,0.009999999776482582,0.009999998845160007],"pcvectors":[[0.7015095353126526,0.08907058835029602,0.7070720195770264],[-0.09753283113241196,0.99482262134552,-0.02855328656733036],[-0.7059544920921326,-0.048932332545518875,0.7065648436546326]]}},{"id":"trochanterion.lt","coordinates":[0.1921684294939041,0.006371003109961748,-0.12047078460454941],"uncertainty":{"stddevs":[0.010000000707805157,0.009999999776482582,0.009999999776482582],"pcvectors":[[0.22897951304912567,-0.021949775516986847,0.9731837511062622],[0.4320478141307831,0.8981698155403137,-0.08139826357364655],[-0.8722975850105286,0.4391004145145416,0.21514584124088287]]}},{"id":"trochanterion.rt","coordinates":[-0.08574642986059189,0.013672009110450745,0.2531020939350128],"uncertainty":{"stddevs":[0.010000000707805157,0.009999999776482582,0.009999999776482582],"pcvectors":[[0.6960362195968628,-0.7167720198631287,-0.042089298367500305],[0.7179961800575256,0.6945120692253113,0.046200063079595566],[-0.0038833855651319027,-0.06237687170505524,0.9980450868606567]]}},{"id":"waist.anterior","coordinates":[-0.1497880071401596,-0.10554386675357819,-0.10093464702367783],"uncertainty":{"stddevs":[0.009999999776482582,0.009999999776482582,0.009999999776482582],"pcvectors":[[0.7057297229766846,-0.044108107686042786,0.7071067690849304],[-0.06237829849123955,-0.9980525970458984,1.3508396179418014E-8],[-0.7057297229766846,0.04410812631249428,0.7071067690849304]]}},{"id":"waist.posterior","coordinates":[0.15394534170627594,-0.20790918171405792,0.1629829704761505],"uncertainty":{"stddevs":[0.010000000707805157,0.009999999776482582,0.009999999776482582],"pcvectors":[[-0.23019491136074066,0.021137889474630356,0.9729149341583252],[-0.3481333255767822,0.9318119287490845,-0.1026143804192543],[-0.9087427854537964,-0.36232542991638184,-0.20713956654071808]]}},{"id":"waist.lt","coordinates":[0.17641976475715637,-0.20357748866081238,-0.11560165137052536],"uncertainty":{"stddevs":[0.009999999776482582,0.009999999776482582,0.009999998845160007],"pcvectors":[[-0.14567142724990845,0.6919391751289368,-0.7071067690849304],[0.9785497784614563,0.20601049065589905,-9.153956703755739E-9],[0.14567141234874725,-0.6919391751289368,-0.7071067690849304]]}},{"id":"waist.rt","coordinates":[-0.12957574427127838,-0.18667352199554443,0.20745331048965454],"uncertainty":{"stddevs":[0.009999999776482582,0.009999999776482582,0.009999998845160007],"pcvectors":[[0.4250524938106537,-0.17379218339920044,0.8883280158042908],[-0.054153040051460266,0.9747546315193176,0.21661214530467987],[-0.9035473465919495,-0.1401771903038025,0.40491053462028503]]}}]
