[{"id":"acromion.lt","coordinates":[0.18712526559829712,-0.3405225872993469,-0.06308634579181671],"uncertainty":{"stddevs":[0.009999999731973316,0.009999999699665002,0.00999999886226787],"pcvectors":[[0.8704434472721538,-0.3507964396529651,0.3453549811828015],[-0.0871025156387825,0.580734147766365,0.8094201636897053],[-0.484501142279732,-0.7346357652230644,0.4749409811595095]]}},{"id":"acromion.rt","coordinates":[-0.011371473781764507,-0.3335544764995575,0.19388125836849213],"uncertainty":{"stddevs":[0.010000000471580965,0.009999999931875558,0.009999999629331874],"pcvectors":[[-0.2889832328197317,-0.10810922740988746,-0.9512103269508242],[0.8905045806151376,0.3343692633509878,-0.30854300774701643],[0.3514118425046524,-0.9362209091207879,-0.00035534846345203506]]}},{"id":"crown","coordinates":[0.05871684476733208,-0.6286254525184631,0.042938604950904846],"uncertainty":{"stddevs":[0.010000000901241925,0.010000000028737835,0.00999999995399721],"pcvectors":[[-0.823274327906185,0.288941846852059,-0.4886020775112815],[0.4824792546958686,-0.09728431480236463,-0.8704880992187966],[-0.29905375737271445,-0.9523908710351836,-0.05931676803489856]]}},{"id":"femoral-lateral-epi.lt","coordinates":[0.22112059593200684,0.5505772233009338,-0.022512860596179962],"uncertainty":{"stddevs":[0.009999999776482582,0.009999999605339876,0.009999999605339876],"pcvectors":[[1.0,0.0,0.0],[0.0,0.0,1.0],[0.0,1.0,0.0]]}},{"id":"femoral-lateral-epi.rt","coordinates":[0.044318318367004395,0.5449304580688477,0.20546723902225494],"uncertainty":{"stddevs":[0.009999999902805472,0.00999999985347056,0.009999998708908029],"pcvectors":[[-0.39666544673140886,0.8562400265345529,-0.3309222572289139],[-0.5518296290902608,-0.5105069864535056,-0.6594442184447943],[-0.7335806593875529,-0.07896602903950578,0.6749990980958825]]}},{"id":"femoral-medial-epi.lt","coordinates":[0.1426568627357483,0.5710150599479675,0.05599086359143257],"uncertainty":{"stddevs":[0.00999999974874868,0.009999999644112014,0.009999997835085263],"pcvectors":[[-0.8006848133038292,-0.20973738058125052,0.5611720421862869],[0.3965104540582646,-0.8877171027569575,0.23396111919569446],[0.4490916271398531,0.4098396962956477,0.7939446666948334]]}},{"id":"femoral-medial-epi.rt","coordinates":[0.11225219070911407,0.5740954279899597,0.11425069719552994],"uncertainty":{"stddevs":[0.009999999926192021,0.009999999739415373,0.009999999497359321],"pcvectors":[[-0.2027679481804442,-0.9592369842645253,-0.19684909755899868],[0.6610756940030559,-0.2823956420182561,0.6951486374635821],[-0.7224016099020479,0.010821709116232028,0.6913890399932107]]}},{"id":"metatarsal-phalangeal.i.lt","coordinates":[0.08844034373760223,0.9778658151626587,-0.062346506863832474],"uncertainty":{"stddevs":[0.010000000722778884,0.009999999829891072,0.009999999785339997],"pcvectors":[[-0.7860128149573414,-0.617493822107945,-0.029752888622079476],[0.38549587048816697,-0.527188761919282,0.7572746814350687],[-0.4832978259411135,0.5837579883517959,0.6524184412446182]]}},{"id":"metatarsal-phalangeal.i.rt","coordinates":[-0.04579126834869385,0.9799091815948486,0.08984000235795975],"uncertainty":{"stddevs":[0.010000000714196646,0.010000000536831822,0.010000000143527301],"pcvectors":[[0.14528556100078296,0.17062832956242777,0.9745655847173259],[-0.7261569296810768,0.6874224821565184,-0.012101425615315471],[-0.6720031393087676,-0.7059293903617468,0.22377550487632394]]}},{"id":"metatarsal-phalangeal.v.lt","coordinates":[0.17469657957553864,0.9820060729980469,-0.09279914200305939],"uncertainty":{"stddevs":[0.009999999989971824,0.00999999972151477,0.009999998602207284],"pcvectors":[[-0.9457394427978807,0.31748526241145764,0.06913764884548591],[0.03082400286263226,0.2994828432637497,-0.9536036427353791],[-0.3234606424031807,-0.899729478644658,-0.293018903953198]]}},{"id":"metatarsal-phalangeal.v.rt","coordinates":[-0.032680317759513855,0.9765157103538513,0.17803345620632172],"uncertainty":{"stddevs":[0.010000000785902508,0.009999999717189003,0.009999999036500088],"pcvectors":[[0.34265155786203777,0.4202663257489557,0.8402179034846803],[-0.6781997097041887,-0.5082369861728239,0.5307921623791362],[0.6501038868149249,-0.7517122995717428,0.11087630504616265]]}},{"id":"radial-styloid.lt","coordinates":[0.29743823409080505,0.10617963969707489,-0.273627370595932],"uncertainty":{"stddevs":[0.009999999656808868,0.00999999963327422,0.00999999892941371],"pcvectors":[[-0.4844046189832764,-0.8746488106742993,-0.01848304882047321],[0.8291871538356349,-0.46575775578147927,0.3090604744113335],[-0.27892799970893073,0.1343844147043596,0.950862766156579]]}},{"id":"radial-styloid.rt","coordinates":[-0.17684127390384674,0.12178350985050201,0.33576834201812744],"uncertainty":{"stddevs":[0.010000000062849585,0.009999999805365836,0.009999999075458007],"pcvectors":[[-0.07658334946751472,-0.9953808956745096,0.05789527710053222],[0.9562341883747892,-0.05687716712648615,0.2870211923236218],[-0.2824024921411712,0.07734248758526382,0.9561730868658557]]}},{"id":"supramenton","coordinates":[0.01665688492357731,-0.4387221038341522,-0.0030650023836642504],"uncertainty":{"stddevs":[0.01000000087828826,0.009999999773371935,0.009999998753692677],"pcvectors":[[0.005913792232365686,0.8674918220331664,0.4974162902107343],[-0.19215937515498052,0.48914035986543003,-0.8507740492579479],[-0.981345913325918,-0.09055190255480317,0.16958936093465754]]}},{"id":"thelion-bustpoint.lt","coordinates":[0.0614151656627655,-0.17586471140384674,-0.10194096714258194],"uncertainty":{"stddevs":[0.0099999999699823,0.009999999826841386,0.009999999550408787],"pcvectors":[[-0.9909937820298805,-0.10773944473329929,-0.07952066414884877],[0.09170339065946947,-0.9787731620217434,0.1832855298366859],[-0.0975797731072909,0.17434250587426592,0.9798381899710848]]}},{"id":"thelion-bustpoint.rt","coordinates":[-0.06291361898183823,-0.1645313948392868,0.05649181455373764],"uncertainty":{"stddevs":[0.009999999974203732,0.009999999789271697,0.009999998940436274],"pcvectors":[[-0.9928105979748765,0.11956911544329092,-0.005508464475468145],[0.09616973430636958,0.8242281359577023,0.5580316855691387],[0.0712635864394349,0.5534900238737825,-0.8298013585913125]]}},{"id":"trochanterion.lt","coordinates":[0.1991409957408905,0.11340779811143875,-0.08352877199649811],"uncertainty":{"stddevs":[0.010000000574436969,0.009999999754921865,0.009999999528358334],"pcvectors":[[-0.6764360940698716,-0.2778802967407631,-0.6820679961138489],[0.6940926213833057,-0.5502399534754411,-0.4641889987285303],[-0.2463120857382898,-0.7874125565944514,0.5650768285256821]]}},{"id":"trochanterion.rt","coordinates":[-0.01747412048280239,0.107107974588871,0.20135602355003357],"uncertainty":{"stddevs":[0.009999999997965563,0.009999999927863308,0.009999999478047222],"pcvectors":[[0.3472023835556099,-0.9358483774442166,-0.060318482145448375],[-0.9091739879329217,-0.35167858539370467,0.22299065505448956],[-0.2298981611919737,-0.022582891987307636,-0.9729526445156718]]}},{"id":"waist.anterior","coordinates":[0.001786703011021018,-0.014447279274463654,-0.024197857826948166],"uncertainty":{"stddevs":[0.010000000560080515,0.00999999972128664,0.009999998561389303],"pcvectors":[[0.0378262956291799,-0.5079120394253037,0.8605780217771093],[-0.22169622359987565,0.835467677691012,0.502836498252803],[-0.9743818326511058,-0.20980733957708875,-0.08099953369653638]]}},{"id":"waist.lt","coordinates":[0.17585164308547974,-0.019183045253157616,-0.0593993254005909],"uncertainty":{"stddevs":[0.010000000748283003,0.010000000554676284,0.009999999589719472],"pcvectors":[[-0.9938830702480705,-0.03904397688502622,0.10330542359078068],[0.0707182937887742,0.4934799949003278,0.8668773947662823],[-0.08482550087016115,0.868880349934428,-0.4877002890095026]]}},{"id":"waist.posterior","coordinates":[0.154124453663826,0.007544022984802723,0.13288401067256927],"uncertainty":{"stddevs":[0.010000000024267224,0.009999999772126096,0.009999999662552245],"pcvectors":[[-0.7923978027582146,0.21302622047983774,-0.5715991178894775],[-0.5776462500289976,-0.563179121730241,0.5908926185649896],[-0.19603706795244244,0.7984040995856857,0.5693156960363733]]}},{"id":"waist.rt","coordinates":[0.006407592911273241,-0.024378662928938866,0.17210856080055237],"uncertainty":{"stddevs":[0.009999999763661081,0.009999999565008482,0.009999999396699632],"pcvectors":[[0.05030975838505479,-0.9977700508278279,-0.04386175876855005],[-0.48601509929984177,-0.06282522704961076,0.8716893449496382],[-0.8725011469699062,-0.02253700328788033,-0.4880920323248472]]}}]
