[{"id":"acromion.lt","coordinates":[0.20394101738929749,-0.45778346061706543,-0.09277468919754028],"uncertainty":{"stddevs":[0.009999999776482582,0.009999999776482582,0.009999999776482582],"pcvectors":[[1.0,0.0,0.0],[0.0,1.0,0.0],[0.0,0.0,1.0]]}},{"id":"acromion.rt","coordinates":[-0.02910842001438141,-0.44187721610069275,0.22492316365242004],"uncertainty":{"stddevs":[0.010000000707805157,0.009999999776482582,0.009999999776482582],"pcvectors":[[-0.9923577308654785,-0.12298063933849335,-0.010092051699757576],[0.09026818722486496,-0.6677594184875488,-0.7388836145401001],[0.08412931859493256,-0.734147846698761,0.6737574934959412]]}},{"id":"crown","coordinates":[0.0444033145904541,-0.7600387334823608,0.02025550603866577],"uncertainty":{"stddevs":[0.009999999776482582,0.009999999776482582,0.009999999776482582],"pcvectors":[[1.0,0.0,0.0],[0.0,1.0,0.0],[0.0,0.0,1.0]]}},{"id":"femoral-lateral-epi.lt","coordinates":[0.2164946347475052,0.48847007751464844,-0.035571496933698654],"uncertainty":{"stddevs":[0.009999999776482582,0.009999999776482582,0.009999999776482582],"pcvectors":[[1.0,0.0,0.0],[0.0,1.0,0.0],[0.0,0.0,1.0]]}},{"id":"femoral-lateral-epi.rt","coordinates":[0.06146463751792908,0.49863165616989136,0.20976220071315765],"uncertainty":{"stddevs":[0.010000000707805157,0.009999999776482582,0.009999999776482582],"pcvectors":[[-0.9217385649681091,0.06628675758838654,0.38210487365722656],[0.06454362720251083,0.9977632761001587,-0.017393507063388824],[-0.382403165102005,0.008630168624222279,-0.9239552617073059]]}},{"id":"femoral-medial-epi.rt","coordinates":[0.0985102429986,0.5226033329963684,0.10934121906757355],"uncertainty":{"stddevs":[0.010000000707805157,0.009999999776482582,0.009999999776482582],"pcvectors":[[-0.7050389051437378,0.7077929377555847,0.04415082931518555],[0.5282902121543884,0.4826614260673523,0.6985323429107666],[0.47310635447502136,0.5158169269561768,-0.7142151594161987]]}},{"id":"metatarsal-phalangeal.i.lt","coordinates":[0.07112754881381989,0.9767745733261108,-0.08198393136262894],"uncertainty":{"stddevs":[0.009999999776482582,0.009999999776482582,0.009999999776482582],"pcvectors":[[1.0,0.0,0.0],[0.0,1.0,0.0],[0.0,0.0,1.0]]}},{"id":"metatarsal-phalangeal.i.rt","coordinates":[-0.058956533670425415,0.9790803790092468,0.07766156643629074],"uncertainty":{"stddevs":[0.010000000707805157,0.009999999776482582,0.009999999776482582],"pcvectors":[[0.09254137426614761,0.0,0.9957088232040405],[0.0,1.0,0.0],[0.9957088232040405,0.0,-0.09254137426614761]]}},{"id":"metatarsal-phalangeal.v.lt","coordinates":[0.1618552803993225,0.9774639010429382,-0.1119539886713028],"uncertainty":{"stddevs":[0.009999999776482582,0.009999999776482582,0.009999999776482582],"pcvectors":[[1.0,0.0,0.0],[0.0,1.0,0.0],[0.0,0.0,1.0]]}},{"id":"metatarsal-phalangeal.v.rt","coordinates":[-0.07308445870876312,0.9892197847366333,0.17708922922611237],"uncertainty":{"stddevs":[0.010000000707805157,0.009999999776482582,0.009999999776482582],"pcvectors":[[-0.9411134719848633,0.23906630277633667,-0.23906630277633667],[-6.6174449004242214E-24,0.7071067690849304,0.7071067690849304],[-0.33809080719947815,-0.6654677391052246,0.6654677391052246]]}},{"id":"radial-styloid.lt","coordinates":[0.2827686667442322,0.0689009353518486,-0.2934350371360779],"uncertainty":{"stddevs":[0.010000000707805157,0.009999999776482582,0.009999999776482582],"pcvectors":[[0.0,-0.7071067690849304,-0.7071067690849304],[1.0,0.0,0.0],[0.0,-0.7071067690849304,0.7071067690849304]]}},{"id":"radial-styloid.rt","coordinates":[-0.19779819250106812,0.07333475351333618,0.32818400859832764],"uncertainty":{"stddevs":[0.010000000707805157,0.010000000707805157,0.009999998845160007],"pcvectors":[[-0.05237197130918503,0.35393211245536804,0.9338036179542542],[0.8084690570831299,0.5639318823814392,-0.16839995980262756],[-0.5862038135528564,0.746131956577301,-0.3156774044036865]]}},{"id":"supramenton","coordinates":[-0.006594027392566204,-0.5491208434104919,-0.01410613302141428],"uncertainty":{"stddevs":[0.010000000707805157,0.009999999776482582,0.009999998845160007],"pcvectors":[[-0.7014297842979431,-0.06771926581859589,0.7095142006874084],[0.7124027609825134,-0.03605995699763298,0.7008437514305115],[-0.021875573322176933,0.9970525503158569,0.07353692501783371]]}},{"id":"thelion-bustpoint.lt","coordinates":[0.08936916291713715,-0.26950252056121826,-0.11007565259933472],"uncertainty":{"stddevs":[0.009999999776482582,0.009999998845160007,0.009999998845160007],"pcvectors":[[-0.015618645586073399,0.9998644590377808,0.005206215661019087],[0.31622686982154846,-1.5683237819530405E-8,0.9486836194992065],[0.9485549926757812,0.016463497653603554,-0.31618401408195496]]}},{"id":"thelion-bustpoint.rt","coordinates":[-0.06463093310594559,-0.270876407623291,0.08062689006328583],"uncertainty":{"stddevs":[0.010000000707805157,0.009999999776482582,0.009999998845160007],"pcvectors":[[-0.7070292234420776,-0.7070503830909729,0.013765097595751286],[0.011270820163190365,0.00819596741348505,0.9999029040336609],[-0.7070944905281067,0.7071157097816467,0.002174249617382884]]}},{"id":"trochanterion.lt","coordinates":[0.1834964007139206,0.056577883660793304,-0.09617254137992859],"uncertainty":{"stddevs":[0.010000000707805157,0.009999999776482582,0.009999999776482582],"pcvectors":[[0.17841839790344238,-0.9839109778404236,0.009276458993554115],[0.9839527606964111,0.17842897772789001,0.0003187676484230906],[-0.0019688282627612352,0.009070723317563534,0.9999569058418274]]}},{"id":"trochanterion.rt","coordinates":[-0.021054958924651146,0.0364876389503479,0.19477373361587524],"uncertainty":{"stddevs":[0.009999999776482582,0.009999999776482582,0.009999999776482582],"pcvectors":[[-0.003985960967838764,-0.999984085559845,0.003986005671322346],[0.7071067690849304,3.1756826501805335E-8,0.7071067690849304],[-0.7070955038070679,0.005637031514197588,0.7070955634117126]]}},{"id":"waist.anterior","coordinates":[-0.01463592890650034,-0.06416915357112885,-0.04080573096871376],"uncertainty":{"stddevs":[0.010000000707805157,0.010000000707805157,0.009999999776482582],"pcvectors":[[-0.08141676336526871,-0.9619622826576233,-0.26076796650886536],[0.21317237615585327,-0.27238917350769043,0.938275933265686],[-0.973616361618042,0.02080286480486393,0.22724083065986633]]}},{"id":"waist.lt","coordinates":[0.1661401391029358,-0.10700299590826035,-0.0858984962105751],"uncertainty":{"stddevs":[0.009999999776482582,0.009999999776482582,0.009999999776482582],"pcvectors":[[1.0,0.0,0.0],[0.0,1.0,0.0],[0.0,0.0,1.0]]}},{"id":"waist.posterior","coordinates":[0.1667226254940033,-0.060291700065135956,0.11688349395990372],"uncertainty":{"stddevs":[0.010000000707805157,0.010000000707805157,0.009999998845160007],"pcvectors":[[-0.9639274477958679,0.25660231709480286,0.07070424407720566],[0.16706356406211853,0.3764941096305847,0.9112310409545898],[0.20720425248146057,0.8901727199554443,-0.40578189492225647]]}},{"id":"waist.rt","coordinates":[-0.009361709468066692,-0.10774976015090942,0.18068575859069824],"uncertainty":{"stddevs":[0.010000000707805157,0.009999999776482582,0.009999999776482582],"pcvectors":[[-0.03792892023921013,-0.9481189250946045,0.3156452775001526],[0.03262217715382576,0.3145293891429901,0.9486870169639587],[-0.9987478256225586,0.04627970978617668,0.018999943509697914]]}},{"id":"femoral-medial-epi.lt","coordinates":[0.13984981179237366,0.5270103216171265,0.04404084384441376],"uncertainty":{"stddevs":[0.010000000707805157,0.009999999776482582,0.009999998845160007],"pcvectors":[[-0.957389235496521,0.17052020132541656,0.23308530449867249],[0.04122325778007507,-0.718127429485321,0.6946895718574524],[0.28584355115890503,0.6746968626976013,0.6804980635643005]]}}]
