[{"id":"crown","coordinates":[0.06898526847362518,-0.573753297328949,0.08465449512004852],"uncertainty":{"stddevs":[0.009999999776482582,0.009999998845160007,0.009999998845160007],"pcvectors":[[-0.003273329697549343,0.061486221849918365,0.9981025457382202],[0.7105107307434082,0.7024940848350525,-0.040945664048194885],[-0.7036787867546082,0.7090285420417786,-0.0459861122071743]]}},{"id":"waist.anterior","coordinates":[-0.007836148142814636,-0.0009392486535944045,-0.0022948263213038445],"uncertainty":{"stddevs":[0.010000001639127731,0.010000000707805157,0.009999999776482582],"pcvectors":[[-0.9498401284217834,0.019142666831612587,-0.3121494650840759],[-0.294848769903183,0.2779065668582916,0.9142385721206665],[0.10424935072660446,0.9604173302650452,-0.2583226263523102]]}},{"id":"waist.rt","coordinates":[-0.004432083107531071,0.001732032629661262,0.19215208292007446],"uncertainty":{"stddevs":[0.009999999776482582,0.009999999776482582,0.009999999776482582],"pcvectors":[[0.7149544358253479,-0.2011812925338745,0.669601559638977],[-0.6655866503715515,0.09741434454917908,0.7399356961250305],[0.2140900194644928,0.9746981859207153,0.06425677239894867]]}},{"id":"waist.lt","coordinates":[0.17233648896217346,0.009054332971572876,-0.028211254626512527],"uncertainty":{"stddevs":[0.009999999776482582,0.009999999776482582,0.009999999776482582],"pcvectors":[[-0.061347413808107376,0.9938654899597168,0.09202112257480621],[0.8320503830909729,1.7848906352924132E-8,0.5547000169754028],[0.5512972474098206,0.11059562861919403,-0.8269461989402771]]}},{"id":"waist.posterior","coordinates":[0.14916573464870453,0.007242645602673292,0.13282114267349243],"uncertainty":{"stddevs":[0.010000000707805157,0.010000000707805157,0.009999999776482582],"pcvectors":[[-0.38351765275001526,-0.2819162607192993,0.8794528841972351],[0.913627564907074,-0.25491684675216675,0.31670495867729187],[0.13490308821201324,0.924954354763031,0.3553315997123718]]}},{"id":"acromion.rt","coordinates":[-0.009867245331406593,-0.29602301120758057,0.1855040341615677],"uncertainty":{"stddevs":[0.009999999776482582,0.009999999776482582,0.009999998845160007],"pcvectors":[[0.47060373425483704,-0.22380129992961884,0.8534899353981018],[-0.8716214895248413,-0.26826217770576477,0.4102577567100525],[-0.1371428370475769,0.9369890093803406,0.321315199136734]]}},{"id":"acromion.lt","coordinates":[0.15854297578334808,-0.30317598581314087,-0.024063223972916603],"uncertainty":{"stddevs":[0.009999999776482582,0.009999999776482582,0.009999998845160007],"pcvectors":[[-0.588810384273529,0.6833571791648865,0.4316541254520416],[0.5479991436004639,-0.055050548166036606,0.8346654176712036],[0.59413743019104,0.7280057668685913,-0.3420647978782654]]}},{"id":"metatarsal-phalangeal.v.rt","coordinates":[-0.04580794274806976,0.9759159088134766,0.19841483235359192],"uncertainty":{"stddevs":[0.010000000707805157,0.009999999776482582,0.009999999776482582],"pcvectors":[[-0.7081597447395325,-0.6992159485816956,0.09801437705755234],[0.6967027187347412,-0.7145329713821411,-0.06362389028072357],[0.1145213395357132,0.023231007158756256,0.9931491017341614]]}},{"id":"metatarsal-phalangeal.i.rt","coordinates":[-0.04410106688737869,0.9730814695358276,0.14032790064811707],"uncertainty":{"stddevs":[0.010000000707805157,0.010000000707805157,0.009999999776482582],"pcvectors":[[-0.7071067690849304,0.7071067690849304,1.1441001035450427E-8],[0.11385847628116608,0.11385846138000488,0.9869511127471924],[0.6978798508644104,0.6978798508644104,-0.1610201895236969]]}},{"id":"metatarsal-phalangeal.v.lt","coordinates":[0.16708680987358093,0.9784247875213623,-0.08648324012756348],"uncertainty":{"stddevs":[0.009999999776482582,0.009999999776482582,0.009999999776482582],"pcvectors":[[0.734509289264679,0.6397584676742554,-0.22628572583198547],[-0.13689108192920685,0.46629413962364197,0.8739740252494812],[0.6646479964256287,-0.6109655499458313,0.4300746023654938]]}},{"id":"metatarsal-phalangeal.i.lt","coordinates":[0.08900845050811768,0.9826180338859558,-0.08495382219552994],"uncertainty":{"stddevs":[0.009999999776482582,0.009999999776482582,0.009999998845160007],"pcvectors":[[0.09165949374437332,-0.2479943037033081,0.9644155502319336],[-0.23082177340984344,0.9368234276771545,0.2628367841243744],[-0.9686691164970398,-0.24669960141181946,0.028626270592212677]]}},{"id":"supramenton","coordinates":[-0.005837625823915005,-0.38707002997398376,0.027847895398736],"uncertainty":{"stddevs":[0.010000000707805157,0.009999999776482582,0.009999999776482582],"pcvectors":[[0.16309231519699097,0.9795972108840942,-0.11743147671222687],[0.4445468783378601,-0.1792217344045639,-0.8776432275772095],[-0.8807831406593323,0.09093306958675385,-0.4647065997123718]]}},{"id":"thelion-bustpoint.rt","coordinates":[-0.07566290348768234,-0.13951624929904938,0.0980323925614357],"uncertainty":{"stddevs":[0.010000000707805157,0.009999999776482582,0.009999999776482582],"pcvectors":[[-0.044108111411333084,-0.7057297229766846,-0.7071067690849304],[0.9980525970458984,-0.06237828731536865,-4.324946178968503E-9],[-0.044108107686042786,-0.7057297229766846,0.7071067690849304]]}},{"id":"thelion-bustpoint.lt","coordinates":[0.04771734029054642,-0.14259734749794006,-0.07931222021579742],"uncertainty":{"stddevs":[0.009999999776482582,0.009999999776482582,0.009999999776482582],"pcvectors":[[-0.6570008397102356,-0.32571738958358765,-0.6798956394195557],[0.31027722358703613,-0.9387535452842712,0.149899423122406],[-0.6870793104171753,-0.11247209459543228,0.7178245186805725]]}},{"id":"trochanterion.rt","coordinates":[-0.010989909060299397,0.13304860889911652,0.24608133733272552],"uncertainty":{"stddevs":[0.009999999776482582,0.009999999776482582,0.009999999776482582],"pcvectors":[[-0.7071067690849304,-0.0055241030640900135,-0.7070851922035217],[4.084204274480574E-24,-0.999969482421875,0.0078122615814208984],[0.7071067690849304,-0.0055241030640900135,-0.7070851922035217]]}},{"id":"trochanterion.lt","coordinates":[0.22552916407585144,0.12516634166240692,-0.03534688428044319],"uncertainty":{"stddevs":[0.010000000707805157,0.009999999776482582,0.009999999776482582],"pcvectors":[[-0.3715675175189972,-0.09538843482732773,-0.9234926104545593],[-0.9275237321853638,0.08149298280477524,0.3647719621658325],[0.04046314209699631,0.9920987486839294,-0.11875518411397934]]}},{"id":"femoral-lateral-epi.rt","coordinates":[0.03899126872420311,0.5760759711265564,0.22253167629241943],"uncertainty":{"stddevs":[0.010000000707805157,0.010000000707805157,0.009999999776482582],"pcvectors":[[0.005194525700062513,0.041773393750190735,0.9991136193275452],[-0.9980672597885132,-0.06165572628378868,0.007766939699649811],[0.06192552670836449,-0.997222900390625,0.0413723848760128]]}},{"id":"femoral-lateral-epi.lt","coordinates":[0.21620534360408783,0.5952785611152649,-0.014880400151014328],"uncertainty":{"stddevs":[0.009999999776482582,0.009999999776482582,0.009999999776482582],"pcvectors":[[-0.7069340348243713,-0.011052589863538742,0.7071930766105652],[0.031215772032737732,-0.9993911385536194,0.015585039742290974],[0.7065902948379517,0.0330931730568409,0.706848680973053]]}},{"id":"femoral-medial-epi.rt","coordinates":[0.08861295878887177,0.6070714592933655,0.1363525241613388],"uncertainty":{"stddevs":[0.009999999776482582,0.009999999776482582,0.009999999776482582],"pcvectors":[[-0.7071067690849304,0.0,0.7071067690849304],[0.0,1.0,0.0],[0.7071067690849304,0.0,0.7071067690849304]]}},{"id":"femoral-medial-epi.lt","coordinates":[0.1406145840883255,0.6042811274528503,0.05907439440488815],"uncertainty":{"stddevs":[0.009999999776482582,0.009999999776482582,0.009999998845160007],"pcvectors":[[-0.1648963838815689,-0.6703632473945618,0.7234792709350586],[0.9596447348594666,-0.27845704555511475,-0.039289891719818115],[0.22779640555381775,0.6878043413162231,0.6892271041870117]]}},{"id":"radial-styloid.rt","coordinates":[-0.17295968532562256,0.1289699375629425,0.3553181290626526],"uncertainty":{"stddevs":[0.009999999776482582,0.009999999776482582,0.009999998845160007],"pcvectors":[[-0.21351316571235657,0.590162992477417,0.7785369753837585],[0.6222972273826599,0.6964807510375977,-0.3572964370250702],[-0.7530990839004517,0.4081938862800598,-0.5159646272659302]]}},{"id":"radial-styloid.lt","coordinates":[0.2852820158004761,0.08479677140712738,-0.23149825632572174],"uncertainty":{"stddevs":[0.010000001639127731,0.010000001639127731,0.009999999776482582],"pcvectors":[[0.0,0.14521314203739166,0.9894003868103027],[1.0,0.0,0.0],[0.0,0.9894003868103027,-0.14521314203739166]]}}]
