[{"id":"acromion.rt","coordinates":[-0.09639765322208405,-0.5372596383094788,0.2523951232433319],"uncertainty":{"stddevs":[0.010000000707805157,0.010000000707805157,0.009999999776482582],"pcvectors":[[-0.6337502002716064,0.7242859601974487,-0.27160724997520447],[-0.7700430154800415,-0.5573790073394775,0.31042298674583435],[0.0734468549489975,0.4058798849582672,0.9109703898429871]]}},{"id":"acromion.lt","coordinates":[0.16700460016727448,-0.5642117857933044,-0.08800577372312546],"uncertainty":{"stddevs":[0.009999999776482582,0.009999999776482582,0.009999998845160007],"pcvectors":[[-0.5057852268218994,-0.5843738317489624,0.6345774531364441],[0.8240377306938171,-0.5449250936508179,0.1549789309501648],[0.2552315592765808,0.6013018488883972,0.7571611404418945]]}},{"id":"crown","coordinates":[0.020156916230916977,-0.864541232585907,0.04134204611182213],"uncertainty":{"stddevs":[0.010000000707805157,0.009999999776482582,0.009999999776482582],"pcvectors":[[-0.9456695914268494,-0.3175407648086548,-0.06983479857444763],[0.15499527752399445,-0.25148338079452515,-0.9553703665733337],[0.2858067452907562,-0.9142887592315674,0.28703752160072327]]}},{"id":"femoral-lateral-epi.rt","coordinates":[-0.03745963051915169,0.4693186581134796,0.22942791879177094],"uncertainty":{"stddevs":[0.009999999776482582,0.009999999776482582,0.009999999776482582],"pcvectors":[[-0.12218325585126877,-0.9925075769424438,1.3135728712504566E-15],[-2.4074127361676456E-23,1.3234890859639627E-15,1.0],[0.9925075769424438,-0.12218325585126877,1.6170822463062095E-16]]}},{"id":"femoral-lateral-epi.lt","coordinates":[0.18037903308868408,0.4547790288925171,-0.0582096166908741],"uncertainty":{"stddevs":[0.010000000707805157,0.009999999776482582,0.009999999776482582],"pcvectors":[[-0.6953372359275818,-0.07836411893367767,0.7143985033035278],[0.7184141278266907,-0.048571374267339706,0.6939178109169006],[-0.01967894472181797,0.9957408905029297,0.09007137268781662]]}},{"id":"metatarsal-phalangeal.i.lt","coordinates":[0.023598652333021164,0.9750426411628723,-0.10363227128982544],"uncertainty":{"stddevs":[0.010000000707805157,0.009999999776482582,0.009999999776482582],"pcvectors":[[-0.11776324361562729,-0.6876204013824463,-0.7164565920829773],[0.2882534861564636,-0.7140827775001526,0.6379621624946594],[-0.9502850770950317,-0.13139259815216064,0.282301664352417]]}},{"id":"metatarsal-phalangeal.i.rt","coordinates":[-0.10267272591590881,0.9782719612121582,0.07715273648500443],"uncertainty":{"stddevs":[0.009999999776482582,0.009999999776482582,0.009999999776482582],"pcvectors":[[0.0,-0.7071067690849304,-0.7071067690849304],[1.0,0.0,0.0],[0.0,-0.7071067690849304,0.7071067690849304]]}},{"id":"metatarsal-phalangeal.v.lt","coordinates":[0.12898050248622894,0.967034637928009,-0.12101466953754425],"uncertainty":{"stddevs":[0.010000000707805157,0.010000000707805157,0.009999999776482582],"pcvectors":[[-0.4427849352359772,-0.44278496503829956,0.7796685099601746],[0.7071067690849304,-0.7071067690849304,-1.944673577725098E-8],[0.5513088703155518,0.5513088703155518,0.6261925101280212]]}},{"id":"metatarsal-phalangeal.v.rt","coordinates":[-0.11587150394916534,0.9828777313232422,0.16284123063087463],"uncertainty":{"stddevs":[0.009999999776482582,0.009999999776482582,0.009999999776482582],"pcvectors":[[0.026877613738179207,-0.026877613738179207,0.9992773532867432],[-0.7071067094802856,-0.7071068286895752,-4.127305608392362E-9],[0.7065958380699158,-0.7065957188606262,-0.03801068663597107]]}},{"id":"radial-styloid.lt","coordinates":[0.2976722717285156,-0.03538120910525322,-0.3269996643066406],"uncertainty":{"stddevs":[0.010000000707805157,0.010000000707805157,0.009999999776482582],"pcvectors":[[0.00729127274826169,-0.7104964256286621,0.7036630511283875],[-0.11795207113027573,0.6981582045555115,0.706160306930542],[-0.9929925203323364,-0.08814731985330582,-0.07871405780315399]]}},{"id":"radial-styloid.rt","coordinates":[-0.2625684142112732,-0.023737894371151924,0.3886723220348358],"uncertainty":{"stddevs":[0.009999999776482582,0.009999999776482582,0.009999999776482582],"pcvectors":[[-0.8284580707550049,-0.3586615025997162,-0.43013855814933777],[0.2962869703769684,-0.9324344396591187,0.2068333923816681],[-0.4752591848373413,0.04390833526849747,0.8787495493888855]]}},{"id":"supramenton","coordinates":[-0.04322383552789688,-0.6188316345214844,-0.014166455715894699],"uncertainty":{"stddevs":[0.010000000707805157,0.009999999776482582,0.009999999776482582],"pcvectors":[[-0.9578635096549988,0.16606251895427704,-0.2343517541885376],[0.14207889139652252,-0.4351588487625122,-0.8890727758407593],[-0.2496219128370285,-0.8849067687988281,0.39322879910469055]]}},{"id":"thelion-bustpoint.lt","coordinates":[0.0186218973249197,-0.38525155186653137,-0.1570706069469452],"uncertainty":{"stddevs":[0.009999999776482582,0.009999999776482582,0.009999998845160007],"pcvectors":[[0.7015095353126526,0.08907058835029602,0.7070720195770264],[-0.09753283113241196,0.99482262134552,-0.02855328656733036],[-0.7059544920921326,-0.048932332545518875,0.7065648436546326]]}},{"id":"thelion-bustpoint.rt","coordinates":[-0.170875683426857,-0.3660462200641632,0.10589244216680527],"uncertainty":{"stddevs":[0.010000000707805157,0.009999999776482582,0.009999999776482582],"pcvectors":[[-0.2599695026874542,-0.9655455946922302,-0.011729619465768337],[0.9607889652252197,-0.25986382365226746,0.09672316163778305],[-0.09643872082233429,0.013875383883714676,0.995242178440094]]}},{"id":"trochanterion.lt","coordinates":[0.21115754544734955,0.031125102192163467,-0.11238154023885727],"uncertainty":{"stddevs":[0.009999999776482582,0.009999999776482582,0.009999999776482582],"pcvectors":[[-0.6646608114242554,-0.30371350049972534,-0.6826302409172058],[0.280809223651886,-0.948212206363678,0.14845804870128632],[-0.6923670768737793,-0.09301462769508362,0.7155250906944275]]}},{"id":"trochanterion.rt","coordinates":[-0.06864523142576218,0.06824281066656113,0.26818281412124634],"uncertainty":{"stddevs":[0.010000000707805157,0.009999999776482582,0.009999999776482582],"pcvectors":[[-0.541774332523346,-0.541774332523346,-0.6426205635070801],[0.7071067690849304,-0.7071067690849304,5.821556126051064E-9],[-0.4544013440608978,-0.4544013440608978,0.7661845684051514]]}},{"id":"waist.anterior","coordinates":[-0.1575039029121399,-0.13109171390533447,-0.09633038192987442],"uncertainty":{"stddevs":[0.010000000707805157,0.010000000707805157,0.009999998845160007],"pcvectors":[[-0.1946827471256256,-0.40665745735168457,0.892596423625946],[0.972813069820404,-0.19642239809036255,0.12269069999456406],[0.1254328340291977,0.8922151923179626,0.433841735124588]]}},{"id":"waist.lt","coordinates":[0.21002425253391266,-0.14030110836029053,-0.11078613996505737],"uncertainty":{"stddevs":[0.010000000707805157,0.009999999776482582,0.009999999776482582],"pcvectors":[[-0.6698703765869141,0.13448944687843323,-0.7301959991455078],[-0.7404974699020386,-0.19279947876930237,0.6438104510307312],[-0.054195698350667953,0.9719778299331665,0.22873975336551666]]}},{"id":"waist.posterior","coordinates":[0.15445251762866974,-0.17176313698291779,0.16493366658687592],"uncertainty":{"stddevs":[0.010000001639127731,0.010000000707805157,0.009999999776482582],"pcvectors":[[-0.6235654950141907,-0.15855875611305237,0.7655227780342102],[-0.7779103517532349,0.22304369509220123,-0.587458074092865],[-0.07759840786457062,-0.961826741695404,-0.26242685317993164]]}},{"id":"waist.rt","coordinates":[-0.07861904054880142,-0.14885744452476501,0.2728440761566162],"uncertainty":{"stddevs":[0.010000000707805157,0.009999999776482582,0.009999999776482582],"pcvectors":[[-0.27014288306236267,0.9097762107849121,0.315166711807251],[0.7592566013336182,-1.882669842245832E-8,0.6507914066314697],[0.5920745134353638,0.41509905457496643,-0.6907535791397095]]}},{"id":"femoral-medial-epi.rt","coordinates":[0.016053153201937675,0.49645403027534485,0.09104977548122406],"uncertainty":{"stddevs":[0.010000000707805157,0.009999999776482582,0.009999999776482582],"pcvectors":[[0.235015407204628,0.9350377917289734,0.26546579599380493],[-0.7195881009101868,-0.016229404136538506,0.694211483001709],[0.6534222960472107,-0.35417643189430237,0.6690279245376587]]}},{"id":"femoral-medial-epi.lt","coordinates":[0.07872774451971054,0.49320173263549805,0.043787430971860886],"uncertainty":{"stddevs":[0.010000000707805157,0.009999999776482582,0.009999999776482582],"pcvectors":[[-0.3869674801826477,-0.6256559491157532,-0.6773557066917419],[0.20848317444324493,-0.77492755651474,0.5966758728027344],[-0.8982154130935669,0.08967689424753189,0.4303104877471924]]}}]
